NPZ:        experiments/song_20161221_full_w0.5_h0.25/mcs200/results.npz
Windows:    66528  (hop=0.250s  window=0.500s)
Manual:     5470 selections, 23 types: ['?', 'A', 'B', 'Bd', 'Bm', 'Bmh', 'Bu', 'C', 'C1', 'D', 'E', 'E1', 'EG', 'F', 'G', 'G2', 'H', 'I', 'I2', 'I3', 'I4', 'M', 'P']

=== Detection similarity ===
  Clustered windows (non-noise):   46665 / 66528
  Manually labelled windows:       41397 / 66528
  Intersection (both):             27558
  Union (either):                  60504
  Jaccard similarity:             0.4555

=== Contingency table (intersection windows) ===
                   ?       A       B      Bd      Bm     Bmh      Bu       C      C1       D       E      E1      EG       F       G      G2       H       I      I2      I3      I4       M       P   total
------------------------------------------------------------------------------------------------------------------------------------------------------------------------------------------------------------
  cluster   0         0       0       0       0       0       0       0       0       0       0       0       0       0       0       0       0       0       0       0       0       0       0     217     217
  cluster   1        20    2491      61     323    2735       6     290      69      31     166      31       0       1      33       4       4     835      67     475    1281     594      33       6    9556
  cluster   2         0       1       0       0       0       0       0       0       0       0       0       0       0       0       0       0       0       0       0       0       0       0     450     451
  cluster   3         0       0       0       0       0       0       0       1       0       1       0       0       2       1       0    1295       0       0       0       0       0       0       9    1309
  cluster   4        36      57       3       9     100       0       2      86       4      26      64       3       3      74       7      46      12      13      40      35      23       0      51     694
  cluster   5         0     107       8      21      72       0      38      84       9      24      70       1       0      70      62      49      26      68      39      86      37       0      37     908
  cluster   6         0       6       0       0       0       0       0       0       0       0      33       0       0       0       0       0       0     551     271       0       0       0       0     861
  cluster   7         0      26       0       0       0       0       0       0       0     170    1051      21       0       0       9      35       1      46      29       0       0       9       7    1404
  cluster   8       404     335      15      65     658       0       0     363      10     132     367       0       0     283     145     351     187     208     345     266     215      54     291    4694
  cluster   9        26      71       0       0       6       0       3    2302      34     161      44       8       0    2037       0      14       0       1       1       0       0       2       0    4710
  cluster  10         0      10       2       5      35       0       0      15       0       7      26       4       3      23       2      23      13      13      24      19      10       0       9     243
  cluster  11        28      98       8      13     288       1       3     135      18      41      95      10       0     130      13      88      23      70     130     102      81      35      94    1504
  cluster  12        54      19       1       2     144       1       0      76       4      51      49       9       0      97      10      51      35      26      51      35      40      45      31     831
  cluster  13        10      16       0       2      35       0       0      28       1       9       0       0       0       2       6      14      10       4      10      10       2       0      17     176
------------------------------------------------------------------------------------------------------------------------------------------------------------------------------------------------------------
  total           578    3237      98     440    4073       8     336    3159     111     788    1830      56       9    2750     258    1970    1142    1067    1415    1834    1002     178    1219

=== Per-cluster dominant label & purity ===
   cluster   dominant_label   purity   n_windows
  ------------------------------------------------
         0                P    1.000         217
         1               Bm    0.286        9556
         2                P    0.998         451
         3               G2    0.989        1309
         4               Bm    0.144         694
         5                A    0.118         908
         6                I    0.640         861
         7                E    0.749        1404
         8               Bm    0.140        4694
         9                C    0.489        4710
        10               Bm    0.144         243
        11               Bm    0.191        1504
        12               Bm    0.173         831
        13               Bm    0.199         176

=== Per-label dominant cluster & recall ===
     label  dominant_cluster   recall   n_windows
  ------------------------------------------------
         ?                 8    0.699         578
         A                 1    0.770        3237
         B                 1    0.622          98
        Bd                 1    0.734         440
        Bm                 1    0.671        4073
       Bmh                 1    0.750           8
        Bu                 1    0.863         336
         C                 9    0.729        3159
        C1                 9    0.306         111
         D                 7    0.216         788
         E                 7    0.574        1830
        E1                 7    0.375          56
        EG                 4    0.333           9
         F                 9    0.741        2750
         G                 8    0.562         258
        G2                 3    0.657        1970
         H                 1    0.731        1142
         I                 6    0.516        1067
        I2                 1    0.336        1415
        I3                 1    0.698        1834
        I4                 1    0.593        1002
         M                 8    0.303         178
         P                 2    0.369        1219

=== Information-theoretic metrics (intersection windows) ===
  NMI (normalized mutual info):  0.3526
  Homogeneity  (cluster -> label): 0.3100
  Completeness (label -> cluster): 0.4087
  V-measure:                       0.3526
