NPZ:        experiments/song_20161221_full_perch_0.5s-1h/umap5_mcs100/results.npz
Windows:    14399  (hop=0.250s  window=0.500s)
Manual:     5470 selections, 23 types: ['?', 'A', 'B', 'Bd', 'Bm', 'Bmh', 'Bu', 'C', 'C1', 'D', 'E', 'E1', 'EG', 'F', 'G', 'G2', 'H', 'I', 'I2', 'I3', 'I4', 'M', 'P']

=== Detection similarity ===
  Clustered windows (non-noise):   12126 / 14399
  Manually labelled windows:        9699 / 14399
  Intersection (both):              7960
  Union (either):                  13865
  Jaccard similarity:             0.5741

=== Contingency table (intersection windows) ===
                   ?       A       B      Bd      Bm     Bmh      Bu       C      C1       D       E      E1      EG       F       G      G2       H       I      I2      I3      I4       M       P   total
------------------------------------------------------------------------------------------------------------------------------------------------------------------------------------------------------------
  cluster   0         0       0       0       0       6       0       0       0       0       0       0       0       0       0      19       0     287       0       0       0       0       0       0     312
  cluster   1         0       0       0       0       0       0       0       0       0       0       0       0       0       0       0       0       0       0       0       0       0       0     232     232
  cluster   2         1       8       2       9      46       0       1      41       3      24      72      22       0      40       0      28       2      26      26      12       6       0      32     401
  cluster   3         0       0       0       0       0       0       0       3       0      41       0       0       0     606       1       0       0       0       0       0       0       0       0     651
  cluster   4         0       0       0       0       0       0       0       1       0       0       4       0       0       0      98     327       0       0       0       0       0       0       7     437
  cluster   5         8      67       0       0       3       0       1    1056      33      32      46       0       0     167       2      11       3       3       1       0       0       0       2    1435
  cluster   6         0      46       8      20      68       0      45      69       6      26      85       0       0      96     103      67      82      42      22      34      13       0      63     895
  cluster   7         0       0       0       0       0       0       0       0       0       0       0       0       0       0       0       0       0       0       0       0       0       0     165     165
  cluster   8         0      39       0       0       1       0       0       0       0       0       1       1       0       0       2       1       0       3       0       6       0       0       2      56
  cluster   9         1     817       0       0       3       0       4       2       0       0       1       0       0       0       0       0       0       0       0      35     119       0       0     982
  cluster  10         0       0      39     183     486       0     249      41       0       0       0       0       0       0       0       0       1       0       1       7      45       0       0    1052
  cluster  11         0       0       0       0       0       0       0       0       0       0       2       0       0       0       0       0       0     122      12       1       0       0       0     137
  cluster  12         0      23       0       0       2       0       0       4       0      27     427      13       0       0       3      11       2      71      29       0       0       0       2     614
  cluster  13         0       0       0       0       0       0       2       0       0       0       0       0       0       0       0       0       0       0       0     159       9       0       0     170
  cluster  14         0       0       0       0       0       0       0       0       0       0       0       0       0       0       0       0       0     136     116       1       0       0       0     253
  cluster  15         0       0       0       0       2       0       1       0       0       0       0       0       0       0       0       0       0       5      30     123       6       0       1     168
------------------------------------------------------------------------------------------------------------------------------------------------------------------------------------------------------------
  total            10    1000      49     212     617       0     303    1217      42     150     638      36       0     909     228     445     377     408     237     378     198       0     506

=== Per-cluster dominant label & purity ===
   cluster   dominant_label   purity   n_windows
  ------------------------------------------------
         0                H    0.920         312
         1                P    1.000         232
         2                E    0.180         401
         3                F    0.931         651
         4               G2    0.748         437
         5                C    0.736        1435
         6                G    0.115         895
         7                P    1.000         165
         8                A    0.696          56
         9                A    0.832         982
        10               Bm    0.462        1052
        11                I    0.891         137
        12                E    0.695         614
        13               I3    0.935         170
        14                I    0.538         253
        15               I3    0.732         168

=== Per-label dominant cluster & recall ===
     label  dominant_cluster   recall   n_windows
  ------------------------------------------------
         ?                 5    0.800          10
         A                 9    0.817        1000
         B                10    0.796          49
        Bd                10    0.863         212
        Bm                10    0.788         617
       Bmh                 0    0.000           0
        Bu                10    0.822         303
         C                 5    0.868        1217
        C1                 5    0.786          42
         D                 3    0.273         150
         E                12    0.669         638
        E1                 2    0.611          36
        EG                 0    0.000           0
         F                 3    0.667         909
         G                 6    0.452         228
        G2                 4    0.735         445
         H                 0    0.761         377
         I                14    0.333         408
        I2                14    0.489         237
        I3                13    0.421         378
        I4                 9    0.601         198
         M                 0    0.000           0
         P                 1    0.458         506

=== Information-theoretic metrics (intersection windows) ===
  NMI (normalized mutual info):  0.6050
  Homogeneity  (cluster -> label): 0.5846
  Completeness (label -> cluster): 0.6268
  V-measure:                       0.6050
