NPZ:        experiments/song_20161221_score0.5_w0.5_h0.25/umap15_mcs50/results.npz
Windows:    40476  (hop=0.250s  window=0.500s)
Manual:     5470 selections, 23 types: ['?', 'A', 'B', 'Bd', 'Bm', 'Bmh', 'Bu', 'C', 'C1', 'D', 'E', 'E1', 'EG', 'F', 'G', 'G2', 'H', 'I', 'I2', 'I3', 'I4', 'M', 'P']

=== Detection similarity ===
  Clustered windows (non-noise):   29548 / 40476
  Manually labelled windows:       26030 / 40476
  Intersection (both):             19205
  Union (either):                  36373
  Jaccard similarity:             0.5280

=== Contingency table (intersection windows) ===
                   ?       A       B      Bd      Bm     Bmh      Bu       C      C1       D       E      E1      EG       F       G      G2       H       I      I2      I3      I4       M       P   total
------------------------------------------------------------------------------------------------------------------------------------------------------------------------------------------------------------
  cluster   0       252     169      13      46     455       0       0     305       7     187     529      12       0     400     215     522     313     302     443     241     150      55     450    5066
  cluster   1         0       0       0       0       0       0       1       0       0       0       0       0       0       0       0       0      99       0       0       1       0       0       0     101
  cluster   2         0    1140       0       0      17       0       0       1       0       0       0       0       0       2       0       3       7       0       3      42      33       0       0    1248
  cluster   3         0      37      36     101    1410       0     241      15       5      22       8       0       0       2       0       1     270      37     307     624     224       0       1    3341
  cluster   4         0       0       0       0       0       0       0       1       0       0       6      13       2       1       0     783       0       0       0       0       0       0       2     808
  cluster   5        21     167       0       1      20       0       7    2351      33     175      92       8       0    2158       0      52       0       2       2       1       0       5       2    5097
  cluster   6         0       0       0       0       0       0       0       0       0       0       0       0       0       0       0       3       0       0       0       0       0       0     248     251
  cluster   7         0       0       0       0       0       0       0       0       0       1       0       0       0       0       0       0       0       0       0       0       0       0     133     134
  cluster   8         0       0       0       0       0       0       0       0       0       0       0       0       0       0     114      12       0       0       0       0       0       0       4     130
  cluster   9         1      14       0       0       1       0       1      33       0       4      19      11       0       8       0      11       0      23      21       0       0       4       0     151
  cluster  10         0       1       0       0       0       0       0       0       0       0       9       0       0       0       0       0       0     111      70       0       0       0       0     191
  cluster  11         0       5       0       0      19       0       0       5       0       7      23       7       0      13       1       5      11       5      12       8       3       0      10     134
  cluster  12         0       0       0       0       0       0       0       0       0       0       0       0       0       0       0       0       0      24      64       0       0       0       0      88
  cluster  13         0       0       0       0       0       0       0       0       0       1      37       0       0       0       0       3       0     272      72       0       0       0       0     385
  cluster  14         0       0       0       0       0       0       0       0       0     207       1       0       0       0       0       0       7       0       0       0       0       0       0     215
  cluster  15         0       0       0       0       0       0       0       0       0       2      28       3       0       0       0       3       0       1       1       0       0       1       0      39
  cluster  16         0       0       0       0       0       0       0       0       0     141       1       0       0       0       0       0       1       0       0       0       0       0       0     143
  cluster  17         0       0       0       0       0       0       0       0       0       0      67       3       0       1       0       1       0       5       6       0       0       0       1      84
  cluster  18         0       1       0       0       0       0       0       0       0      13     325       4       0       0       0       0       0       0       0       0       0       0       0     343
  cluster  19         0       5       0       0       0       0       0       0       0      18      69       5       0       0       0       0       0       1       0       0       0       0       0      98
  cluster  20         0       0       0       0       0       0       0       0       0       4      15       0       0       0      10       0       3       0       0       0       0       0       0      32
  cluster  21         7      13       1       1      74       0       0      15       0       3      15       1       1      22       6      24       8      13      39      24      10       1      15     293
  cluster  22         1      13       2       1      41       0       0      32       6      17      47       3       0      49       0      32       3      22      31      26       9      11      28     374
  cluster  23         0       0       0       0       1       0       0       1       0       3       1       0       0       5       0       2       0       1       3       0       1       0       0      18
  cluster  24         0      15       0       2      25       0       0      10       1       6      18       1       1      13       3      19       5       5      20      14       8       0      12     178
  cluster  25         0       2       1       0      13       0       2       6       0       3       8       0       0       5       6       5       1       4       1       1       1       0       1      60
  cluster  26         0      30       2      11      15       0      15      24       0       8      15       0       0      10      10      11       7      19       6       9       7       0       4     203
------------------------------------------------------------------------------------------------------------------------------------------------------------------------------------------------------------
  total           282    1612      55     163    2091       0     267    2799      52     822    1333      71       4    2689     365    1492     735     847    1101     991     446      77     911

=== Per-cluster dominant label & purity ===
   cluster   dominant_label   purity   n_windows
  ------------------------------------------------
         0                E    0.104        5066
         1                H    0.980         101
         2                A    0.913        1248
         3               Bm    0.422        3341
         4               G2    0.969         808
         5                C    0.461        5097
         6                P    0.988         251
         7                P    0.993         134
         8                G    0.877         130
         9                C    0.219         151
        10                I    0.581         191
        11                E    0.172         134
        12               I2    0.727          88
        13                I    0.706         385
        14                D    0.963         215
        15                E    0.718          39
        16                D    0.986         143
        17                E    0.798          84
        18                E    0.948         343
        19                E    0.704          98
        20                E    0.469          32
        21               Bm    0.253         293
        22                F    0.131         374
        23                F    0.278          18
        24               Bm    0.140         178
        25               Bm    0.217          60
        26                A    0.148         203

=== Per-label dominant cluster & recall ===
     label  dominant_cluster   recall   n_windows
  ------------------------------------------------
         ?                 0    0.894         282
         A                 2    0.707        1612
         B                 3    0.655          55
        Bd                 3    0.620         163
        Bm                 3    0.674        2091
       Bmh                 0    0.000           0
        Bu                 3    0.903         267
         C                 5    0.840        2799
        C1                 5    0.635          52
         D                14    0.252         822
         E                 0    0.397        1333
        E1                 4    0.183          71
        EG                 4    0.500           4
         F                 5    0.803        2689
         G                 0    0.589         365
        G2                 4    0.525        1492
         H                 0    0.426         735
         I                 0    0.357         847
        I2                 0    0.402        1101
        I3                 3    0.630         991
        I4                 3    0.502         446
         M                 0    0.714          77
         P                 0    0.494         911

=== Information-theoretic metrics (intersection windows) ===
  NMI (normalized mutual info):  0.4261
  Homogeneity  (cluster -> label): 0.3885
  Completeness (label -> cluster): 0.4717
  V-measure:                       0.4261
