NPZ:        experiments/song_20161221_score0.5_w0.5_h0.25/mcs50/results.npz
Windows:    40476  (hop=0.250s  window=0.500s)
Manual:     5470 selections, 23 types: ['?', 'A', 'B', 'Bd', 'Bm', 'Bmh', 'Bu', 'C', 'C1', 'D', 'E', 'E1', 'EG', 'F', 'G', 'G2', 'H', 'I', 'I2', 'I3', 'I4', 'M', 'P']

=== Detection similarity ===
  Clustered windows (non-noise):   33843 / 40476
  Manually labelled windows:       26030 / 40476
  Intersection (both):             20218
  Union (either):                  39655
  Jaccard similarity:             0.5098

=== Contingency table (intersection windows) ===
                   ?       A       B      Bd      Bm     Bmh      Bu       C      C1       D       E      E1      EG       F       G      G2       H       I      I2      I3      I4       M       P   total
------------------------------------------------------------------------------------------------------------------------------------------------------------------------------------------------------------
  cluster   0         2       0       0       0       0       0       0       3       0       2      11      25       2       2       1     807       0       0       0       0       0       0       3     858
  cluster   1         0    1152       0       0      17       0       0       1       0       0       0       0       0       2       0       3       8       0       3      46      34       0       0    1266
  cluster   2         0       0       0       0       0       0       1       0       0       0       0       0       0       0       0       0      96       0       0       1       0       0       0      98
  cluster   3         0      38      37     103    1410       0     241      16       2      23       7       0       0       2       0       1     268      37     307     624     225       0       2    3343
  cluster   4         0       0       0       0       0       0       0       0       0       0       0       0       0       0       0       0       0       0       0       0       0       0     109     109
  cluster   5         0       0       0       0       0       0       0       0       0       0       0       0       0       0       0       0       0       0       0       0       0       0      68      68
  cluster   6         0       1       0       0       0       0       0       0       0       1       9       0       0       0       0      11       0       7      60       0       0       0       3      92
  cluster   7       244     126      13      43     419       0       0     264       3     158     436      10       0     341     195     429     235     241     300     223     140      53     229    4102
  cluster   8        48     255      23      30     441       0      60     342      28     741    1952      84      14     442     167     434     117     846     745     174     111      66     244    7364
  cluster   9         0       0       0       0       0       0       0       0       0       0       0       0       0       0     109       9       0       0       0       0       0       0       4     122
  cluster  10         0       0       0       0       0       0       0       0       0       1       0       0       0       0       0       0       0       0       0       0       0       0     133     134
  cluster  11         0       0       0       0       0       0       0       0       0       0       0       0       0       0       0       6       0       0       0       0       0       0     305     311
  cluster  12         6       1       0       0       2       0       0     185       0      11      19       0       0     103       0      24       0       1       1       0       0       0       0     353
  cluster  13         0      77       0       0       0       0       0      87       0       0       2       0       0       1       0       0       0       1       0       0       0       0       0     168
  cluster  14         0       0       0       0       0       0       0      58       0       0       0       0       0       0       0       0       0       0       0       0       0       0       0      58
  cluster  15         0       0       0       0       0       0       0       0       0       0       0       0       0      80       0       0       0       0       0       0       0       0       0      80
  cluster  16         0       0       0       0       0       0       0      96       0       0       0       0       0       0       0       0       0       0       0       0       0       0       0      96
  cluster  17         0       4       0       0      10       0       2     127       0       9       3       1       0     104       0       1       0       0       0       0       0       0       1     262
  cluster  18         0       4       0       0       0       0       0     673       0       2      11       0       0       2       0       0       0       0       0       0       0       0       0     692
  cluster  19         0       0       0       0       0       0       0     199       0       0       0       0       0       0       0       0       0       0       0       0       0       0       0     199
  cluster  20         0       0       0       0       0       0       0       0       0      14       0       0       0     144       0       0       0       0       0       0       0       0       0     158
  cluster  21         0       0       0       0       0       0       0       0       8       0       0       0       0     198       0       0       0       0       0       0       0       0       0     206
  cluster  22         0       0       0       0       0       0       0       0       0       0       0       0       0      79       0       0       0       0       0       0       0       0       0      79
------------------------------------------------------------------------------------------------------------------------------------------------------------------------------------------------------------
  total           300    1658      73     176    2299       0     304    2051      41     962    2450     120      16    1500     472    1725     724    1133    1416    1068     510     119    1101

=== Per-cluster dominant label & purity ===
   cluster   dominant_label   purity   n_windows
  ------------------------------------------------
         0               G2    0.941         858
         1                A    0.910        1266
         2                H    0.980          98
         3               Bm    0.422        3343
         4                P    1.000         109
         5                P    1.000          68
         6               I2    0.652          92
         7                E    0.106        4102
         8                E    0.265        7364
         9                G    0.893         122
        10                P    0.993         134
        11                P    0.981         311
        12                C    0.524         353
        13                C    0.518         168
        14                C    1.000          58
        15                F    1.000          80
        16                C    1.000          96
        17                C    0.485         262
        18                C    0.973         692
        19                C    1.000         199
        20                F    0.911         158
        21                F    0.961         206
        22                F    1.000          79

=== Per-label dominant cluster & recall ===
     label  dominant_cluster   recall   n_windows
  ------------------------------------------------
         ?                 7    0.813         300
         A                 1    0.695        1658
         B                 3    0.507          73
        Bd                 3    0.585         176
        Bm                 3    0.613        2299
       Bmh                 0    0.000           0
        Bu                 3    0.793         304
         C                18    0.328        2051
        C1                 8    0.683          41
         D                 8    0.770         962
         E                 8    0.797        2450
        E1                 8    0.700         120
        EG                 8    0.875          16
         F                 8    0.295        1500
         G                 7    0.413         472
        G2                 0    0.468        1725
         H                 3    0.370         724
         I                 8    0.747        1133
        I2                 8    0.526        1416
        I3                 3    0.584        1068
        I4                 3    0.441         510
         M                 8    0.555         119
         P                11    0.277        1101

=== Information-theoretic metrics (intersection windows) ===
  NMI (normalized mutual info):  0.3595
  Homogeneity  (cluster -> label): 0.3135
  Completeness (label -> cluster): 0.4213
  V-measure:                       0.3595
