NPZ:        experiments/song_20161221_w0.5_h0.25/mcs100/results.npz
Windows:    36127  (hop=0.250s  window=0.500s)
Manual:     5470 selections, 23 types: ['?', 'A', 'B', 'Bd', 'Bm', 'Bmh', 'Bu', 'C', 'C1', 'D', 'E', 'E1', 'EG', 'F', 'G', 'G2', 'H', 'I', 'I2', 'I3', 'I4', 'M', 'P']

=== Detection similarity ===
  Clustered windows (non-noise):   29304 / 36127
  Manually labelled windows:       23351 / 36127
  Intersection (both):             17779
  Union (either):                  34876
  Jaccard similarity:             0.5098

=== Contingency table (intersection windows) ===
                   ?       A       B      Bd      Bm     Bmh      Bu       C      C1       D       E      E1      EG       F       G      G2       H       I      I2      I3      I4       M       P   total
------------------------------------------------------------------------------------------------------------------------------------------------------------------------------------------------------------
  cluster   0         0    1013       0       0      17       0       1       1       0       0       1       0       1       4       0       1       5       0       3      38      13       0       0    1098
  cluster   1         0       0       0       0       0       0       0       0       0       1       1       0       0       1       0     742       0       0       0       0       0       0       4     749
  cluster   2         7       1       0       0       2       0       0      73       0      10      18       0       0      77       0      12       0       1       1       0       0       0       1     203
  cluster   3         0       0       0       0       0       0       0       0       0       0       0       0       0       0       0       0       0       0       0       0       0       0     172     172
  cluster   4         0       0       0       0       0       0       0       0       0       0       0       0       0       0       0       0       0       0       0       0       0       0     118     118
  cluster   5         0       0       0       0       0       0       0       0       0      10       0       0       0       0       0       0     100       0       0       0       0       0       0     110
  cluster   6        27     154       0       0      12       0       5    2021      23     164      63      30       0    1855       0      30       0       0       2       1       0       2       3    4392
  cluster   7         5       0       0       0       3       0       3       0       0       0       0       0       0       0       0       0     197       0       0       0       0       0       0     208
  cluster   8         0      27      27      81    1073       0     229       8       2       5       5       0       0       3       1       1      26      30     246     474     174       0       0    2412
  cluster   9       243     212      23      45     660       0       6     419      32     235     640      41      10     646     202     600     281     291     486     325     179      96     395    6067
  cluster  10         0       7       0       0       0       0       0       0       0       1      93       0       2       0       0       1       0     425     247       1       0       0       1     778
  cluster  11         0       1       0       0       0       0       0       0       0     135       1       0       0       0       0       0       0       0       0       0       0       0       0     137
  cluster  12         0       0       0       0       0       0       0       0       0     105       0       0       0       2       0       0       1       0       0       0       0       0       0     108
  cluster  13         0      63      10      10      47       0      27      52       0      27      70       1       0      32      40      37      14      35      14      10       9       1       8     507
  cluster  14         0      13       0       0       0       0       0       0       0      71     617       7       0       0       0       3       1       5       3       0       0       0       0     720
------------------------------------------------------------------------------------------------------------------------------------------------------------------------------------------------------------
  total           282    1491      60     136    1814       0     271    2574      57     764    1509      79      13    2620     243    1427     625     787    1002     849     375      99     702

=== Per-cluster dominant label & purity ===
   cluster   dominant_label   purity   n_windows
  ------------------------------------------------
         0                A    0.923        1098
         1               G2    0.991         749
         2                F    0.379         203
         3                P    1.000         172
         4                P    1.000         118
         5                H    0.909         110
         6                C    0.460        4392
         7                H    0.947         208
         8               Bm    0.445        2412
         9               Bm    0.109        6067
        10                I    0.546         778
        11                D    0.985         137
        12                D    0.972         108
        13                E    0.138         507
        14                E    0.857         720

=== Per-label dominant cluster & recall ===
     label  dominant_cluster   recall   n_windows
  ------------------------------------------------
         ?                 9    0.862         282
         A                 0    0.679        1491
         B                 8    0.450          60
        Bd                 8    0.596         136
        Bm                 8    0.592        1814
       Bmh                 0    0.000           0
        Bu                 8    0.845         271
         C                 6    0.785        2574
        C1                 9    0.561          57
         D                 9    0.308         764
         E                 9    0.424        1509
        E1                 9    0.519          79
        EG                 9    0.769          13
         F                 6    0.708        2620
         G                 9    0.831         243
        G2                 1    0.520        1427
         H                 9    0.450         625
         I                10    0.540         787
        I2                 9    0.485        1002
        I3                 8    0.558         849
        I4                 9    0.477         375
         M                 9    0.970          99
         P                 9    0.563         702

=== Information-theoretic metrics (intersection windows) ===
  NMI (normalized mutual info):  0.4302
  Homogeneity  (cluster -> label): 0.3729
  Completeness (label -> cluster): 0.5085
  V-measure:                       0.4302
